site,rank,title,link
Al Jazeera,1,At least 100 people killed in gunmen attack in Nigeria: Rights group,https://www.aljazeera.com/news/2025/6/14/at-least-100-people-killed-in-gunmen-attack-in-nigeria-rights-group?traffic_source=rss
Al Jazeera,2,"Iran strikes Israel with new missile, drone attack; Israel bombs Tehran",https://www.aljazeera.com/news/2025/6/14/iranian-state-media-says-new-missile-drone-attack-launched-against-israel?traffic_source=rss
Al Jazeera,3,UK announces national inquiry into ‘grooming gangs’ after pressure,https://www.aljazeera.com/news/2025/6/14/uk-announces-national-inquiry-into-grooming-gangs-after-pressure?traffic_source=rss
Al Jazeera,4,Can Iran confront Israel on its own?,https://www.aljazeera.com/video/inside-story/2025/6/14/can-iran-confront-israel-on-its-own?traffic_source=rss
Al Jazeera,5,World leaders weigh in on ‘alarming’ Israel-Iran conflict,https://www.aljazeera.com/news/2025/6/14/world-leaders-weigh-in-on-alarming-israel-iran-conflict?traffic_source=rss
Al Jazeera,6,Trump’s military parade being held amid ‘No Kings’ protests across US,https://www.aljazeera.com/news/2025/6/14/trumps-military-parade-being-held-amid-no-kings-protests-across-us?traffic_source=rss
Al Jazeera,7,"What is the Strait of Hormuz, could it factor into Israel-Iran conflict?",https://www.aljazeera.com/news/2025/6/14/what-is-the-strait-of-hormuz-could-it-factor-into-israel-iran-conflict?traffic_source=rss
Al Jazeera,8,Minnesota lawmakers targeted in deadly US ‘politically motivated’ shootings,https://www.aljazeera.com/news/2025/6/14/minnesota-lawmakers-targeted-in-deadly-politically-motivated-shootings?traffic_source=rss
Al Jazeera,9,"Russia-Ukraine war: List of key events, day 1,206",https://www.aljazeera.com/news/2025/6/14/russia-ukraine-war-list-of-key-events-day-1206?traffic_source=rss
Al Jazeera,10,"Israel kills at least 79 people in Gaza, many at US-backed aid site: Medics",https://www.aljazeera.com/news/2025/6/14/israel-kills-at-least-58-people-in-gaza-many-at-us-backed-aid-site-medics?traffic_source=rss
Al Jazeera,11,South Africa beat Australia in WTC final to net first major title,https://www.aljazeera.com/sports/2025/6/14/south-africa-beat-australia-in-wtc-final-to-net-first-major-title?traffic_source=rss
Al Jazeera,12,Iran-Israel tensions and an unpredictable Trump to dominate G7,https://www.aljazeera.com/economy/2025/6/14/iran-israel-tensions-and-an-unpredictable-trump-to-dominate-g7?traffic_source=rss
Al Jazeera,13,"Russia, Ukraine conduct another round of POWs exchange",https://www.aljazeera.com/news/2025/6/14/russia-ukraine-conduct-another-round-of-pows-exchange?traffic_source=rss
Al Jazeera,14,Condemnation and anger at the UNSC after Israeli strikes on Iran,https://www.aljazeera.com/video/newsfeed/2025/6/14/condemnation-and-anger-at-the-unsc-after-israeli-strikes-on-iran?traffic_source=rss
Al Jazeera,15,"In Europe, the ground is being prepared for another genocide",https://www.aljazeera.com/opinions/2025/6/14/in-europe-the-ground-is-being-prepared-for-another-genocide?traffic_source=rss
Al Jazeera,16,Aftermath of Iran’s retaliatory strikes on Israel,https://www.aljazeera.com/video/newsfeed/2025/6/14/aftermath-of-irans-retaliatory-strikes-on-israel?traffic_source=rss
Al Jazeera,17,Iran is “relatively geopolitically isolated”,https://www.aljazeera.com/program/quotable/2025/6/14/iran-is-relatively-geopolitically?traffic_source=rss
Al Jazeera,18,Thailand says ‘progress made’ in border dispute talks with Cambodia,https://www.aljazeera.com/news/2025/6/14/thailand-says-progress-made-in-border-dispute-talks-with-cambodia?traffic_source=rss
Al Jazeera,19,"Iran, Israel trade missiles; blasts, air raid sirens rock Tehran, Tel Aviv",https://www.aljazeera.com/news/2025/6/14/iran-israel-trade-missiles-blasts-air-raid-sirens-rock-tehran-tel-aviv?traffic_source=rss
Al Jazeera,20,Israel targets Tehran’s Mehrabad Airport,https://www.aljazeera.com/video/newsfeed/2025/6/14/israel-targets-tehrans-mehrabad-airport?traffic_source=rss
